0.25 -31.1844 
0.252 -27.8875 
0.254 -25.1333 
0.256 -22.7938 
0.258 -20.7784 
0.26 -19.0212 
0.262 -17.4733 
0.264 -16.0975 
0.266 -14.865 
0.268 -13.753 
0.27 -12.7435 
0.272 -11.8218 
0.274 -10.9762 
0.276 -10.1966 
0.278 -9.47488 
0.28 -8.80416 
0.282 -8.17858 
0.284 -7.59315 
0.286 -7.0436 
0.288 -6.52621 
0.29 -6.03776 
0.292 -5.57545 
0.294 -5.13679 
0.296 -4.71961 
0.298 -4.32196 
0.3 -3.94212 
0.302 -3.57854 
0.304 -3.22984 
0.306 -2.89476 
0.308 -2.57216 
0.31 -2.26101 
0.312 -1.96037 
0.314 -1.66938 
0.316 -1.38725 
0.318 -1.11323 
0.32 -0.84667 
0.322 -0.586922 
0.324 -0.333404 
0.326 -0.0855651 
0.328 0.157111 
0.33 0.395112 
0.332 0.6289 
0.334 0.858915 
0.336 1.08558 
0.338 1.30929 
0.34 1.53044 
0.342 1.74941 
0.344 1.96656 
0.346 2.18225 
0.348 2.39684 
0.35 2.61066 
0.352 2.82408 
0.354 3.03742 
0.356 3.25105 
0.358 3.4653 
0.36 3.68053 
0.362 3.89709 
0.364 4.11537 
0.366 4.33573 
0.368 4.55857 
0.37 4.78429 
0.372 5.01333 
0.374 5.24611 
0.376 5.48311 
0.378 5.72483 
0.38 5.97178 
0.382 6.22452 
0.384 6.48366 
0.386 6.74983 
0.388 7.02373 
0.39 7.30609 
0.392 7.59773 
0.394 7.89953 
0.396 8.21246 
0.398 8.53757 
0.4 8.87602 
0.402 9.2291 
0.404 9.59824 
0.406 9.98501 
0.408 10.3912 
0.41 10.8188 
0.412 11.27 
0.414 11.7473 
0.416 12.2537 
0.418 12.7924 
0.42 13.3672 
0.422 13.9823 
0.424 14.6428 
0.426 15.3546 
0.428 16.1245 
0.43 16.9607 
0.432 17.8728 
0.434 18.8724 
0.436 19.9736 
0.438 21.1935 
0.44 22.5535 
0.442 24.0801 
0.444 25.8072 
0.446 27.778 
0.448 30.0497 
0.45 32.6983 
