0.25 -31.1844
0.252 -27.8874
0.254 -25.1333
0.256 -22.7938
0.258 -20.7783
0.26 -19.0212
0.262 -17.4733
0.264 -16.0975
0.266 -14.865
0.268 -13.753
0.27 -12.7435
0.272 -11.8218
0.274 -10.9762
0.276 -10.1966
0.278 -9.47487
0.28 -8.80415
0.282 -8.17857
0.284 -7.59315
0.286 -7.04359
0.288 -6.5262
0.29 -6.03775
0.292 -5.57544
0.294 -5.13678
0.296 -4.7196
0.298 -4.32196
0.3 -3.94212
0.302 -3.57854
0.304 -3.22983
0.306 -2.89475
0.308 -2.57215
0.31 -2.261
0.312 -1.96036
0.314 -1.66938
0.316 -1.38724
0.318 -1.11323
0.32 -0.846665
0.322 -0.586917
0.324 -0.333399
0.326 -0.0855601
0.328 0.157116
0.33 0.395117
0.332 0.628905
0.334 0.85892
0.336 1.08558
0.338 1.30929
0.34 1.53045
0.342 1.74941
0.344 1.96657
0.346 2.18226
0.348 2.39684
0.35 2.61067
0.352 2.82408
0.354 3.03743
0.356 3.25105
0.358 3.4653
0.36 3.68053
0.362 3.8971
0.364 4.11538
0.366 4.33574
0.368 4.55858
0.37 4.7843
0.372 5.01333
0.374 5.24612
0.376 5.48312
0.378 5.72483
0.38 5.97179
0.382 6.22453
0.384 6.48367
0.386 6.74984
0.388 7.02374
0.39 7.3061
0.392 7.59774
0.394 7.89955
0.396 8.21247
0.398 8.53758
0.4 8.87603
0.402 9.22912
0.404 9.59825
0.406 9.98503
0.408 10.3912
0.41 10.8188
0.412 11.27
0.414 11.7474
0.416 12.2537
0.418 12.7924
0.42 13.3672
0.422 13.9823
0.424 14.6429
0.426 15.3547
0.428 16.1246
0.43 16.9608
0.432 17.8728
0.434 18.8724
0.436 19.9736
0.438 21.1936
0.44 22.5536
0.442 24.0802
0.444 25.8072
0.446 27.7781
0.448 30.0498
0.45 32.6985
